1,234 56,78
2.345 678.98
1,000,000
1,000,000 1,123,456 2,333,444
1.12
1.12 1.13
1.12 1,000,000 1.13
1,000,000.33
1,000,000.33 1,000,000.33
aaa 100,000 bbb
aaa 100,000
100,000 bbb
abc abc 100,000 bbb 10.12333 xyz xyz dddddd 1,123
abc1,000
1,000aaa
1,000aaa 2,222 a1.02
1.
2,
10.2
10,2
10.2.2013
10.2.13
10,2,2013
10,2,13
10,123
10.123
10,123.
10,123,
10.123,1
10,123.1
10.123.1
10,123,1
10 123.1
10 123,1
10.12,1
10,12,1
10,12.1
1.1
1.1.1
100,100,3.212
100 100 3,212
100,100,3
100 100 3
100 100
1 000 000
1,000,000
